-- 50 items were purchased, with mutiple items being used in certain orders.
-- Each item had a fixed item price, but quantities may vary.


INSERT INTO Order_Items (Item_ID, Order_ID, Product_ID, Quantity, Price) VALUES
  (1, 1, 1, 5, 10.99),
  (2, 1, 2, 3, 15.99),
  (3, 2, 5, 2, 20.50),
  (4, 2, 10, 1, 12.75),
  (5, 3, 7, 4, 8.99),
  (6, 4, 3, 2, 11.50),
  (7, 4, 8, 3, 18.25),
  (8, 4, 15, 1, 9.99),
  (9, 5, 6, 2, 14.50),
  (10, 5, 11, 2, 16.75),
  (11, 5, 18, 3, 22.99),
  (12, 6, 4, 1, 13.50),
  (13, 7, 9, 4, 17.25),
  (14, 7, 16, 2, 10.99),
  (15, 8, 12, 3, 11.50),
  (16, 8, 19, 2, 19.75),
  (17, 8, 20, 1, 8.99),
  (18, 9, 13, 2, 15.50),
  (19, 9, 17, 3, 20.25),
  (20, 9, 20, 1, 12.99),
  (21, 10, 14, 2, 13.50),
  (22, 10, 20, 1, 9.99),
  (23, 11, 8, 3, 17.25),
  (24, 11, 12, 1, 11.50),
  (25, 12, 6, 2, 14.50),
  (26, 12, 15, 1, 9.99),
  (27, 13, 1, 3, 10.99),
  (28, 13, 3, 2, 11.50),
  (29, 13, 5, 2, 20.50),
  (30, 14, 10, 1, 12.75),
  (31, 14, 15, 2, 18.99),
  (32, 15, 7, 3, 8.99),
  (33, 15, 11, 1, 16.75),
  (34, 16, 4, 2, 11.50),
  (35, 16, 10, 2, 12.75),
  (36, 16, 14, 1, 13.50),
  (37, 17, 6, 3, 14.50),
  (38, 17, 9, 2, 17.25),
  (39, 17, 12, 1, 11.50),
  (40, 18, 5, 2, 20.50),
  (41, 18, 10, 1, 12.75),
  (42, 19, 8, 2, 17.25),
  (43, 19, 15, 3, 18.99),
  (44, 19, 18, 1, 22.99),
  (45, 20, 3, 2, 11.50),
  (46, 20, 5, 2, 20.50),
  (47, 21, 1, 3, 10.99),
  (48, 21, 6, 2, 14.50),
  (49, 21, 11, 2, 16.75),
  (50, 22, 9, 1, 17.25);
